,Harry_Reid,Thomas_Harkin,Max_Baucus,Mitch_McConnell,Mark_Pryor,Susan_Collins,Carl_Levin,James_Inhofe,Jefferson_Sessions,David_Vitter,John_Rockefeller,Bernard_Sanders,Thomas_Carper,Saxby_Chambliss,Richard_Burr,Robert_Casey,John_Boozman,Patty_Murray,Mary_Landrieu,Jerry_Moran,Claire_McCaskill,Mark_Udall,Kay_Hagan,John_Cornyn,Michael_Crapo,Bob_Corker,John_Barrasso,Michael_Enzi,Thomas_Coburn,Sheldon_Whitehouse,Jeanne_Shaheen,Martin_Heinrich,Daniel_Coats,Charles_Schumer,Richard_Durbin,Roy_Blunt,Mark_Warner,James_Risch,Tim_Johnson,Alan_Franken,Mark_Begich,Brian_Schatz,Deb_Fischer,Kirsten_Gillibrand,Tammy_Baldwin,John_Walsh,Mark_Kirk,Dean_Heller,Jeff_Flake,Thad_Cochran,Mike_Johanns,Robert_Portman,Edward_Markey,Cory_Booker,Roger_Wicker,Benjamin_Cardin,Tom_Udall,Mike_Lee,Ted_Cruz,Amy_Klobuchar,Pat_Roberts,Patrick_Leahy,Orrin_Hatch,Charles_Grassley,Ron_Wyden,Debbie_Stabenow,Dianne_Feinstein,John_Isakson,Barbara_Boxer,Chris_Coons,John_McCain,Lisa_Murkowski,John_Hoeven,Jon_Tester,Maria_Cantwell,Heidi_Heitkamp,Marco_Rubio,Barbara_Mikulski,Angus_King,Mazie_Hirono,John_Reed,Tim_Scott,Bill_Nelson,Richard_Blumenthal,Joe_Donnelly,Elizabeth_Warren,Timothy_Kaine,John_Thune,Sherrod_Brown,Michael_Bennet,Richard_Shelby,Lamar_Alexander,Lindsey_Graham,Jeff_Merkley,Christopher_Murphy,Kelly_Ayotte,Joe_Manchin,Patrick_Toomey,Robert_MenÌ.ndez,Ron_Johnson,Rand_Paul
Harry_Reid,1.0,0.19311858641760737,0.19073361804697431,0.44622594066420018,0.32116342653735264,0.29136654460393463,0.12756496877186785,0.24861546576650695,0.25846870716805859,0.33607006258366912,0.37829052796045182,0.11695739851847164,0.26949603384722842,0.26493269959981225,0.22803948740725377,0.14106527641629873,0.27822439482725247,0.21863421936814253,0.15614528694352381,0.19900828683221239,0.1457307276205011,0.36678681844917249,0.18736923681585771,0.20877856947844697,0.36744598889349744,0.27352154054178945,0.32603486256603931,0.42510642352648031,0.1626310008526668,0.22106789732728482,0.2487083913136523,0.17767392876181909,0.33124164428327529,0.15110142603652732,0.24792618183560156,0.22718959478103007,0.28272451187786496,0.34353858561800599,0.3514419671565171,0.20847857439596151,0.12625074102200395,0.23762842175371113,0.23778436846024753,0.046498155519411277,0.32067691524194375,0.32394624917146353,0.19272763774801716,0.18412457839632101,0.26710979145992653,0.27745853031803691,0.16794074171173934,0.30468825560525081,0.074251411324558703,0.19268529723500183,0.40015217139373771,0.20127440432361898,0.17742977521380365,0.18959286404421394,0.09280770150139861,0.10776496220860921,0.33636098471757581,0.16211460820161971,0.28125523138517172,0.39344931059366683,0.19997056002987168,0.18571655000828291,0.37372975948467069,0.25150081257646639,0.079993078861309019,0.12853945859706317,0.16457067804710468,0.28636355216472897,0.26443913048858836,0.050999071621864678,0.24749300955737696,0.15442199805072232,0.16448281516637164,0.093533279442955752,0.330422466621351,0.35779482125023843,0.29640907694037599,0.29298199602224861,0.2130227001690792,0.13698171275257476,0.20016456788078796,0.080591549108103955,0.48906047585330581,0.49972948602230494,0.097851465191947429,0.33058814985352458,0.089087148470261224,0.43953893793509635,0.17319378520498374,0.095925806870277075,0.1583935935771128,0.32652145994000437,0.42100181112673996,0.28030805105026335,0.1961228479294741,0.14930259632249043,0.0
Thomas_Harkin,0.19311858641760737,1.0,0.019984206575893171,0.15119740174466734,0.22272270226644042,0.14392350547885424,0.13029178153524335,0.121319644359696,0.24941347866692887,0.15779141258356566,0.19799428659371088,0.18789122755745635,0.16708541411401301,0.20215072368557041,0.22519943334045467,0.30497421032384664,0.15906726214687672,0.18230325041582351,0.11494435202290432,0.16939353848103478,0.10411388567460678,0.17807955894237681,0.17800685453248311,0.23408979068722691,0.25006073247895277,0.29044550392627477,0.3128573781314411,0.28172405632381969,0.11052270665641006,0.22989495286215622,0.2023132146335318,0.21519300336543934,0.29240308658771874,0.22265208855456042,0.22953419850816426,0.28144253238517924,0.19380429682127986,0.26350343067071713,0.26447247714466893,0.34030628608606628,0.21676832367864451,0.19290161289092667,0.094126001257024305,0.19999823998932764,0.32946676761913074,0.16797692907854811,0.15842791209051077,0.1344761381643772,0.11479846832659935,0.23898306930061619,0.10739090544607977,0.14864069840132088,0.18974516679410414,0.16640815533321307,0.21922546702978474,0.25423847543990108,0.12029194528081,0.011948484425073902,0.042942592030578597,0.17294718876521531,0.20533566168688699,0.16425004391492548,0.17445473272997036,0.083225543324162432,0.11237810453426633,0.23147410565241111,0.14809928003424222,0.11632256361551074,0.20173534219550804,0.24442392802508905,0.14479315518516256,0.19269733730857674,0.18211706481562673,0.26540381383094347,0.12974253914162936,0.16727623146730053,0.19143762639023776,0.24104895243700297,0.26285346282691346,0.19176834313639257,0.28997984766088791,0.16900135555961349,0.25145218819342718,0.21516863493740912,0.1221311161014087,0.26951139252456169,0.19901768318508817,0.14044618455070323,0.2706217568767475,0.25004236454048978,0.048649148820014587,0.2531714620625134,0.1632831108119317,0.11502821133164098,0.20352304883478511,0.11744903011764907,0.28579633811750127,0.26381953965652882,0.10835364601115693,0.082935313217296525,0.01056841833354405
Max_Baucus,0.19073361804697431,0.019984206575893171,0.99999999999999989,0.04047808124493979,0.097237522787372521,0.027871687038279358,0.041410960798939245,0.055082366521593706,0.030016138548646598,0.17638299568251137,0.17534210828405761,0.0316373931245163,0.078531614944114314,0.17476674287715099,0.10626790894060545,0.038959521224628202,0.021255403927595395,0.10980894490925075,0.079936832998981355,0.03790726331808747,0.065203976573820599,0.1182097560761417,0.082083213108784636,0.021117439471801447,0.057963596207159185,0.0,0.027694482731511649,0.01352307563675903,0.019335279513955528,0.060056967858774235,0.080658389182937107,0.030795040472706314,0.078988094842066703,0.02760693876604936,0.0096081914308828731,0.10331071815973092,0.097296212639360502,0.12946626372813208,0.10762033873992771,0.020827533217250949,0.054091781589455934,0.041805133369163583,0.027450998356447043,0.030800906299844888,0.039678711338196226,0.15751484168404883,0.016242953475192667,0.01303712054146855,0.1604679953336926,0.041617750013900001,0.1088555901444721,0.044495820583374091,0.075093622253926573,0.026831826541562909,0.090572348211034548,0.012182031467415588,0.13054868847993395,0.054075575394039843,0.069342368119438058,0.049384499068383603,0.062104844696671324,0.034975981955804869,0.062184918492559249,0.075064727298572276,0.0036877050118119259,0.026215288102335754,0.072327032927406942,0.10580730439980346,0.064301164293219304,0.03136396649571116,0.11046972354042939,0.057988430425791826,0.043212827287714584,0.062183579035739234,0.084648646678222805,0.0392947217111147,0.063648670867651802,0.08632766870659081,0.028178989019051803,0.03581949197030998,0.04074242768021874,0.012864146887505146,0.088508672542210398,0.030237040240045365,0.047820573928370691,0.037207076113756732,0.16628592261069008,0.092346743776631435,0.044037986669379303,0.05982302687870189,0.055212622631861663,0.029584351533649245,0.10575185994292491,0.054140146660006883,0.11411629999952377,0.041204432895432852,0.0084319787663081902,0.012320163699691467,0.073404131528224115,0.0,0.0
Mitch_McConnell,0.44622594066420018,0.15119740174466734,0.04047808124493979,1.0,0.29182586453616266,0.2673035014723314,0.05639403022549927,0.37491341259137045,0.32257105259416152,0.35389172357211252,0.19731404658892326,0.012984758791470541,0.24589523969479932,0.23590961292163393,0.33642513659019413,0.2298444565720662,0.26734051284777904,0.22702998048204792,0.26643650237054994,0.2217968711298649,0.18005041143625755,0.36862463204581741,0.22999825886500558,0.28492372995397086,0.41533634567247446,0.45689954146018641,0.26335836579858607,0.51591953705443094,0.33429002292159904,0.28138199103076511,0.27314442250605131,0.18201601430636116,0.49316218119975175,0.17329137974183451,0.3238925738405567,0.24256655458992782,0.29393272347444965,0.37560086669807369,0.34416184293236896,0.20890196073510636,0.11923233809853284,0.2103855563730449,0.38859888596299719,0.14368861053085258,0.1628971611447525,0.27910880207484878,0.26408573816230441,0.22711857340109121,0.39526258941011605,0.36176239668631005,0.20643918611269285,0.33890627781154736,0.062020918959596383,0.063139522408611426,0.28375450287694437,0.1387918193693426,0.13097349255818014,0.61705701591365847,0.23778897560532652,0.17724576179019946,0.40136309245542079,0.049093022402156294,0.31876176380901922,0.39730206836226323,0.095683319708170345,0.23027426564114173,0.23414967224666094,0.18660825406907366,0.1142510114674693,0.16560208120593622,0.35913749340064416,0.37662270654925611,0.51054349123356491,0.071123903273504929,0.16727413503634814,0.043533120172688622,0.21311944461158383,0.027586673359266345,0.26775880175912814,0.28086327396165611,0.25119739556771181,0.4936449005417517,0.24462958348527575,0.17504781730454178,0.086729652698426918,0.12104346094302065,0.30940459711714507,0.47403021630208575,0.062852533595093907,0.38637684975798736,0.12992596000753864,0.48749544213108742,0.23375022883824359,0.13173308805034756,0.074105271764445146,0.25024929792457451,0.32897527618479572,0.29878532709155692,0.16771802915565293,0.075174080605286187,0.23758091833721462
Mark_Pryor,0.32116342653735264,0.22272270226644042,0.097237522787372521,0.29182586453616266,1.0000000000000002,0.23767539262212323,0.12881017943332274,0.18549285425932927,0.25620740296181399,0.22179734268512896,0.23481032230663346,0.11120719139252944,0.27419562710303125,0.18592380722540203,0.18455723460824358,0.36944165346940583,0.32723329118461497,0.25196611211996522,0.2893752047527931,0.15286171386644576,0.25461959181319282,0.35153686620887004,0.2878470334531823,0.1771860001377501,0.33827439307482399,0.22507550887599326,0.22069075945432104,0.23108660660011926,0.18447299876311596,0.2415493392137108,0.3275020671793647,0.16491579481049989,0.25827665268714706,0.29206423147682958,0.21141384354797255,0.19383690841114432,0.36514466663495859,0.27892023318894643,0.30691562489352631,0.3603734629454638,0.25921016069152336,0.30732030610795225,0.23068934352667436,0.18446405015387501,0.1448962205757145,0.30468513750840343,0.17232414805168061,0.23103865943071811,0.18251653028459802,0.22220906615045966,0.30835532098115292,0.22071839465050913,0.18346169120853262,0.23354695543458348,0.24437845734890074,0.24072625893385302,0.27072024791283578,0.1130052079665731,0.11619973037647702,0.14720577389609457,0.267784327086799,0.1139700351384878,0.18573285167451303,0.22191007952784814,0.13419848631103692,0.2238818778272792,0.17369140161000329,0.228669521378982,0.16631858384910103,0.29263832675617973,0.17094539964248123,0.26169424627037685,0.19993785082776494,0.26039548484556352,0.23431684388087204,0.10472269123404154,0.2080483335603438,0.077075718986084563,0.31054040769783642,0.21662695937014853,0.30882726599157873,0.22516218595177118,0.3692089245762491,0.20190020189808189,0.31557792559357489,0.15881118340166989,0.32930021672487775,0.19278460269313125,0.22138634727995488,0.24820520327910023,0.073887957652198355,0.27439126804536951,0.2247379733056154,0.21099372796102633,0.14536293429221214,0.14428644601781038,0.28245034778986766,0.20535236031816828,0.22302115093752639,0.10038788111402119,0.13156168686980252
Susan_Collins,0.29136654460393463,0.14392350547885424,0.027871687038279358,0.2673035014723314,0.23767539262212323,1.0000000000000002,0.076200661170437112,0.2945141845555076,0.41733588659412602,0.23931091576256314,0.15560876436724413,0.060420332969025825,0.19169869256099892,0.23565753674812162,0.27388725627146771,0.1945870280272568,0.20718654510658141,0.17589582309667695,0.29162581307255087,0.2325675272500225,0.21740066755732768,0.17933330504130329,0.16640354811141156,0.19349742366715694,0.27206649372802938,0.32349920178453839,0.23761471473240769,0.26276156180929178,0.14525351270860531,0.27779851460587746,0.2754337320789455,0.13791396287810098,0.32291678553803771,0.17248307621932013,0.29450015944205377,0.19666938957692071,0.20234098486358854,0.29662255181927688,0.23591641675087383,0.18827720086304045,0.19977994381075026,0.18182072138582317,0.22726359666596818,0.21283697827874815,0.22322466084856096,0.2106378107668192,0.2631555375938408,0.16050368685505134,0.21125915653471372,0.23048273295845023,0.15407213169948641,0.15510742038728853,0.10590417889384507,0.11049570911591788,0.30246401110208587,0.31530442978835826,0.19112355140381587,0.079690242060323269,0.097091579640890324,0.13845339111465815,0.27095167126511632,0.090081887354814594,0.23473597027959037,0.11725057582087395,0.15225427591605234,0.18239089825176302,0.27847035923165275,0.094053614874994085,0.14469069446344074,0.29912867280441269,0.17631093556272504,0.24843076338000081,0.25951687218049591,0.090297647513291057,0.1692256474426358,0.20131082041002235,0.22256960460192465,0.1415553482152323,0.24040389192132794,0.30542208788118719,0.26219159551886739,0.19551279280318734,0.17425758355216991,0.26298332763724019,0.079473154184423134,0.23040335544182078,0.2646460299322182,0.30188399797075971,0.12031501353083718,0.34149596440164265,0.08121285434979264,0.2959121950777529,0.17373077676913651,0.19523577403989567,0.23693724978674668,0.28433527724807672,0.32188442746267087,0.20761824579090238,0.1451694322526097,0.064266471096062983,0.10114177165210214
Carl_Levin,0.12756496877186785,0.13029178153524335,0.041410960798939245,0.05639403022549927,0.12881017943332274,0.076200661170437112,0.99999999999999989,0.026032430144248719,0.044268186334779025,0.053655845999649898,0.25727736552954439,0.15431546639576732,0.050183817298789957,0.088049982577392827,0.058760297708370213,0.22523187925091626,0.051260586860363166,0.21502465652158431,0.081235591474122404,0.028373855741952392,0.079771014269154672,0.078570366914679002,0.08861697975991667,0.028756675608617277,0.08439291941991689,0.056535183330480687,0.030744271127983391,0.040116577070109627,0.042214288021528157,0.12550933581213841,0.086746463551507058,0.10692825690627827,0.051257159697280397,0.24054834598607178,0.17885639322518165,0.061410737856171571,0.11210723264193456,0.067657893692856685,0.087476972096937611,0.074616889457267188,0.15318103888045198,0.12798784035992516,0.019174824976599614,0.19611181825881552,0.3216654934330565,0.17855623935811615,0.082014525387570925,0.036504313983902859,0.058417741717904148,0.093836796834580127,0.063394019747319952,0.029982884142246591,0.12400364587205959,0.28001919310864354,0.093991464090571908,0.1665008086913361,0.22383509634365795,0.0,0.063456310227612001,0.07712654338394942,0.078405883478139704,0.25349094268942152,0.027685003158046784,0.057000937665400819,0.064840221576768942,0.1362857680808589,0.12529736600136632,0.075193378754246809,0.043952384636222197,0.13313192615068381,0.018227400192973975,0.052711091153055389,0.016525376331717134,0.21716785191453858,0.064602514506165165,0.078613586771396626,0.031624658373739845,0.1364515023865025,0.18574511685230077,0.24565767336091104,0.21236879282531196,0.015110592495310549,0.062109857255051359,0.13068661201074749,0.093799095218692452,0.27000977248385294,0.21912620614460254,0.048723349241317715,0.30134919925855175,0.11141572339998884,0.044544962539649346,0.066743745694012979,0.064172646285681645,0.082832049547448494,0.13903896800954008,0.05527064766468226,0.064154196455229795,0.045211053854040562,0.2973862988420013,0.043350814450728303,0.02103357510530679
James_Inhofe,0.24861546576650695,0.121319644359696,0.055082366521593706,0.37491341259137045,0.18549285425932927,0.2945141845555076,0.026032430144248719,1.0,0.2429273013224218,0.23051171589774477,0.10529301824304405,0.030075048042738084,0.13077514666280787,0.23891576332765596,0.23820814542567814,0.17804784430490894,0.22050418102135605,0.15373539405888514,0.13354192489882866,0.29450415948738518,0.025061418375713185,0.20676415456081698,0.15784010543958693,0.22266666036721949,0.23851081322867396,0.32780232611472615,0.25434897453413474,0.36883048727914236,0.17420005306997544,0.14253372704335743,0.17985946726315272,0.15397964862049363,0.32192319918900836,0.11195125416989382,0.2090183676276276,0.20540907447620005,0.1806242358198793,0.32200557288351783,0.16814733834601903,0.14910594882265127,0.15183285012350856,0.16541309887143607,0.33853569208149636,0.10794075646133749,0.082858821783340919,0.26026096200106452,0.25275417830195379,0.2020509622559965,0.31939544993044344,0.23851347812674817,0.22721260135601828,0.27557388927389281,0.076250487993588356,0.057153873714148817,0.28426597812988252,0.13333535005798691,0.12080663277595471,0.23775579182064777,0.074608214460314182,0.096394429646766588,0.3437756742623479,0.012920374341729324,0.28962588178503212,0.23709897145469527,0.012095445905917268,0.13924696951327775,0.1320193348408768,0.22023513011889451,0.088065971647098618,0.14946967376788889,0.18669568243693224,0.30770424035629629,0.38276437012135245,0.11029046574307788,0.10027048440742337,0.087591626563979008,0.23779243158362962,0.068285863340368125,0.16500786449508087,0.19390213732932815,0.14223220573664441,0.3272624152427599,0.20744142814063615,0.11685155924622026,0.092436684664510604,0.11487586641616332,0.18453051745245963,0.3402038505828926,0.079618396872951358,0.24234724860688783,0.024182365509206272,0.35927557760465745,0.15344388594167457,0.047145312358834457,0.11259321536265265,0.22005383631032061,0.22649981776234951,0.24160533907534165,0.10312146653555665,0.046631245763218643,0.19441965047710608
Jefferson_Sessions,0.25846870716805859,0.24941347866692887,0.030016138548646598,0.32257105259416152,0.25620740296181399,0.41733588659412602,0.044268186334779025,0.2429273013224218,1.0,0.2943234741017503,0.14947908053229764,0.021519476719699671,0.22719108126327114,0.34118327876743093,0.3266150511744581,0.29302722431747696,0.20420352979598166,0.13785759422814015,0.17099382269784713,0.25126910750504061,0.076144486338749595,0.19977915906626509,0.17607623899963254,0.38892158271443056,0.40024842170240149,0.64279738778001738,0.51752247820994035,0.44795433992334999,0.12946025626477375,0.21363451939184008,0.24658133250480163,0.20700159406078456,0.59401803803533348,0.1901102731110943,0.35282123715425406,0.23974825466700944,0.30454881541615486,0.53797300319997687,0.22421345375843726,0.27143849847269008,0.18418554100307971,0.20175221134921462,0.17195270141415309,0.18787923290392172,0.13182975934491348,0.23754585166851649,0.31699937288365421,0.25372479124672465,0.25401005000647925,0.37219586556383943,0.17371399694989509,0.3274517512220998,0.065677551748442475,0.0916296893757651,0.24740515106723893,0.27723094966928807,0.11053688423591834,0.084812464657521125,0.14238233154545732,0.089150052298917815,0.41552773126225917,0.006023622637886028,0.36222611141930172,0.13358898403199115,0.079294699396511237,0.14517004993368587,0.17122118185325497,0.17618630016542358,0.16914575770719487,0.25370212649621604,0.29858412057456918,0.33193720793455528,0.37253751311554684,0.19951263201058678,0.035201661947077745,0.18643739145099747,0.33997727111463982,0.1237728621236458,0.27478547871863568,0.26580153432725795,0.27179263109601082,0.30543582641315437,0.26799814596655003,0.22565656282503266,0.023481908485939007,0.21290777213619194,0.24737544821717106,0.29772484761242757,0.22613158046200954,0.25056111451683727,0.2187803369273551,0.41958571455090166,0.19560423359989754,0.024093623634547701,0.16316156954010941,0.15678780541589388,0.41233760996591284,0.45294705541080416,0.1230519218283681,0.095362323355770884,0.082500640712666051
David_Vitter,0.33607006258366912,0.15779141258356566,0.17638299568251137,0.35389172357211252,0.22179734268512896,0.23931091576256314,0.053655845999649898,0.23051171589774477,0.2943234741017503,0.99999999999999989,0.15061176145979949,0.037552349052042633,0.12940685741950775,0.24698751429600896,0.30998192191569984,0.15253499997004449,0.29072415331313883,0.2448692590824243,0.27392190125764837,0.22736453517047095,0.16460331588484622,0.27384686023627391,0.20991499820558934,0.19939019457193718,0.38851834371301841,0.28984526207944727,0.29234385381424643,0.32430718808585002,0.098857791679646922,0.15623431967733858,0.1595121564002111,0.16122376628898349,0.36007220130110151,0.14923767661567355,0.25397789449210717,0.29980884091739157,0.21693318915930093,0.31723600752427739,0.31263611842259231,0.18787177790697029,0.15848300397237747,0.13946174259554378,0.24119577669599823,0.099582613893130056,0.12121129728322533,0.19636814800852698,0.25665105430869817,0.19021613131041537,0.3271318859023542,0.32478003573880021,0.14482065565367586,0.3094792297614688,0.14532678705221025,0.078102625856618424,0.26157505854989527,0.22705783097365817,0.1969753676488526,0.22598601657044992,0.16274489369513845,0.084682707968276372,0.2705384039794021,0.065514939042457421,0.25658303810603689,0.27305074206300528,0.089440035604284596,0.13301574121394211,0.1571730155769987,0.2205653066805302,0.086337584341103724,0.19563795473685519,0.34048742311330149,0.32581642971691083,0.3271526130675102,0.12627228818783087,0.12992719142266507,0.12216154645645272,0.24832337196262255,0.077588808189876568,0.22644415638645232,0.23252475210701828,0.20185305179654933,0.33120381659205522,0.21823958596053306,0.18157843315885025,0.11075258132636279,0.085937891191196991,0.28002178085196205,0.35505053944357767,0.10405332539181777,0.30733983353453931,0.11231327039472261,0.32399939794526977,0.22534028375202397,0.1418638931314834,0.25030944359013518,0.17332362585940841,0.25269486776707772,0.2959733111619165,0.17699604806304403,0.027701679785947064,0.0051464872119115768
John_Rockefeller,0.37829052796045182,0.19799428659371088,0.17534210828405761,0.19731404658892326,0.23481032230663346,0.15560876436724413,0.25727736552954439,0.10529301824304405,0.14947908053229764,0.15061176145979949,1.0000000000000002,0.17606345075965524,0.29573068082292453,0.18183500551716125,0.15242822291913971,0.10309263611981867,0.17046210084502278,0.16253889594142101,0.12775598350390682,0.14375303476689449,0.095801260574338021,0.19765819864783363,0.19773496468596741,0.14489328236844545,0.24422508644162289,0.15461599533326698,0.21736683200412132,0.17338557067726368,0.13396777570293528,0.2150473018298027,0.23168851510187727,0.17031380716535727,0.20077154280978404,0.22008467928578601,0.18912437076868793,0.14032044292049484,0.21574483695855329,0.18095476985443026,0.33562060735934751,0.25016297887871686,0.12327984565329553,0.22428130765221443,0.13237415008827047,0.20961994358539471,0.40426644485348073,0.24302020695249682,0.11637025158472381,0.085739882373465526,0.16392076656040677,0.16340549829073825,0.12194063314667769,0.078964317281970287,0.089666915871932984,0.22678168381503228,0.15505714958798855,0.18953980768493095,0.14080406389843758,0.013702150871090724,0.050131833158561956,0.074528449576548805,0.18941789029041012,0.28536159107513281,0.14059635588763575,0.12329293929267759,0.12962830819039017,0.23673572830752487,0.15053953802807252,0.079819323605429315,0.19036172647466021,0.23113625285787254,0.11545310642066531,0.16955396611106111,0.11308760380805782,0.098937619236975416,0.11434281511458333,0.11913388680996373,0.12636142740095224,0.11781315723329189,0.35637179471304203,0.19327329350072886,0.26279939708319655,0.18723541033425994,0.16494084936048647,0.23573070354224757,0.17907981382099292,0.25530675415027537,0.27739289586632809,0.12002319844598652,0.16122701341961621,0.14516691967496964,0.057571713647418754,0.20216578401190866,0.12048162170024868,0.23128044873373921,0.13424521928210686,0.15181408978473021,0.25478215453732156,0.1029619371743199,0.13815344086205672,0.090072283391147923,0.0
Bernard_Sanders,0.11695739851847164,0.18789122755745635,0.0316373931245163,0.012984758791470541,0.11120719139252944,0.060420332969025825,0.15431546639576732,0.030075048042738084,0.021519476719699671,0.037552349052042633,0.17606345075965524,1.0000000000000002,0.12368397662411124,0.041153373829956985,0.076124972204990149,0.2312161345945194,0.15532859833281731,0.24504255092626581,0.12354284811058625,0.063644446749494099,0.18927432475950901,0.27103564960784854,0.17720944964403618,0.07341802734240177,0.15597506838965358,0.019598344487626873,0.069915525055827765,0.21659926424958731,0.11302644989941135,0.2111603603158454,0.17118618888927417,0.21450440918508029,0.016499210181343371,0.1802727983332979,0.13547057842415289,0.051491513370353292,0.10460847169099008,0.039008032398458847,0.27548784338658705,0.19382699248880675,0.11490272713229344,0.28436571296938906,0.086960313064022077,0.13998469951761094,0.3647099239814533,0.11430125155444193,0.072775671304355583,0.026688899637530517,0.045010041118542454,0.08011870675792987,0.066971995682633456,0.075568101984981095,0.23605086019290211,0.30128629402703799,0.16261016967158559,0.28414070448977802,0.18629173404532318,0.0,0.065613620084871482,0.16213505943617212,0.073079966339251068,0.37564309904273929,0.017364495617667397,0.10775821660000973,0.25594547126131428,0.23011594205553521,0.1122581835207036,0.12533745338129199,0.14857576303081355,0.27030410049405551,0.0080128816401620062,0.065939609237403718,0.04918766295266408,0.12519735073242455,0.1666949695671518,0.18163952598423916,0.046538147154822629,0.16051336054751464,0.11903624062296148,0.19409233492659839,0.15438343320074333,0.059392833832751291,0.1757425558032123,0.12892548319496533,0.21263370231404055,0.28020720122328791,0.27253962733465276,0.046435179623647183,0.18523214302355906,0.22420024436251418,0.011902302553046695,0.075705040148765224,0.019902666445316353,0.19680001565701533,0.17510628367989045,0.079759585013894796,0.18213604230394576,0.13973116284256459,0.19483028506561539,0.14292003356392369,0.033390255419107784
Thomas_Carper,0.26949603384722842,0.16708541411401301,0.078531614944114314,0.24589523969479932,0.27419562710303125,0.19169869256099892,0.050183817298789957,0.13077514666280787,0.22719108126327114,0.12940685741950775,0.29573068082292453,0.12368397662411124,1.0000000000000002,0.14696016024498759,0.25954293984928101,0.15340992589075297,0.16721489089607733,0.23424460807210523,0.13107506310368933,0.14332970273426771,0.19063972686053354,0.27812732267419416,0.23944779120719106,0.17670695065537645,0.28420901856785452,0.21251474689776639,0.23300549894176403,0.19288340018014183,0.34035729995421238,0.42308501304542867,0.22504128967552472,0.17809215527009448,0.19988471490040427,0.18371273608482264,0.26248037106692179,0.12534713228538585,0.39724302872889017,0.21336638297097976,0.34586855852266352,0.1938855134057027,0.077396028821101526,0.17879488098809737,0.1799290182437675,0.1624730747382146,0.17297553591355352,0.20717093985474377,0.25827766445915568,0.082678015257322768,0.13870960223766649,0.21293544606465209,0.13160050437303206,0.14865535229159743,0.2485543661191425,0.26801617042941261,0.16907934033955352,0.16399245026841203,0.21473590594583603,0.080226068753773361,0.10414558004969621,0.15718171563387329,0.27083706598890189,0.16073265323521069,0.17093950110365386,0.36629018863007057,0.14310484630371523,0.30622292151378483,0.36905198278736395,0.12819350659056072,0.1195797325182778,0.31019294404517295,0.19721305761289565,0.16142451408569158,0.1832589785570351,0.049612135279815894,0.17260113619654716,0.040703304194723122,0.15137924588099738,0.11414641449188112,0.20493315062998174,0.22598743071254823,0.24326561971179794,0.15764146259860978,0.3506297218630493,0.14108255969831929,0.26320739760672973,0.097255531303974241,0.21938592471873619,0.093534520153101264,0.24542615980276716,0.19780450501090641,0.033840641563883445,0.25973455710401461,0.23685615197637988,0.14384942343286167,0.23310345434788926,0.15587595713510871,0.22096596236890398,0.097789737811683097,0.231572676091097,0.16133867472775743,0.098818366179270201
Saxby_Chambliss,0.26493269959981225,0.20215072368557041,0.17476674287715099,0.23590961292163393,0.18592380722540203,0.23565753674812162,0.088049982577392827,0.23891576332765596,0.34118327876743093,0.24698751429600896,0.18183500551716125,0.041153373829956985,0.14696016024498759,1.0,0.34205798815145771,0.22248358780587296,0.24862840918943552,0.23196152294456018,0.31740589628899052,0.24186964663600663,0.084350117935128921,0.17660145695483676,0.19295345366515604,0.28577679875572237,0.33786434130977172,0.40234926431575435,0.3472362020862747,0.30839097890230227,0.13853165567296388,0.18425314016338845,0.2115633209782144,0.24777788544812185,0.3860143175836861,0.16803794540515771,0.21392597403110736,0.26826804561904982,0.36585095778506349,0.43882275943633808,0.23403566434087386,0.21055292532435388,0.24225810168773387,0.15596483291867047,0.18356272791622108,0.13110811286029711,0.16291737344196633,0.26931127484470152,0.24228460601288215,0.2444606420037212,0.25684369447262845,0.3018426614999592,0.17872215848736794,0.1643488594032706,0.16334391324180109,0.13966634516725907,0.24253751108895993,0.28163396306582977,0.16862205901117289,0.033900418332710958,0.12751716794487122,0.13061362609753591,0.3353295729215271,0.053202358067128142,0.31101726309336342,0.15893713144763344,0.087724229230536688,0.18488965968506943,0.17161708947371745,0.23928076911992491,0.11058199002509317,0.16781355119467345,0.22947188364605564,0.26949899321278237,0.24776913728033256,0.25650029440955391,0.086666331375872208,0.13916249485910015,0.28184363148149316,0.26017313156681432,0.25519027817717854,0.20158087058147189,0.22987074269476815,0.27735205133865626,0.20833964484539136,0.16887743404053701,0.1342607981267363,0.19444097786115144,0.15674196775864913,0.23806886119114523,0.17668304624803866,0.14936021473682237,0.10431382717543713,0.3544383692122588,0.2128224950135168,0.084411100045538534,0.25199887518537745,0.2353598247480273,0.32761447659523468,0.24533885371894182,0.084657246992646207,0.076712853618347454,0.023318349462784105
Richard_Burr,0.22803948740725377,0.22519943334045467,0.10626790894060545,0.33642513659019413,0.18455723460824358,0.27388725627146771,0.058760297708370213,0.23820814542567814,0.3266150511744581,0.30998192191569984,0.15242822291913971,0.076124972204990149,0.25954293984928101,0.34205798815145771,0.99999999999999989,0.24543239318952392,0.21631120266901049,0.17739508565187478,0.18512880879917526,0.3250985503609114,0.13169704128710014,0.28583536057704872,0.19749130178028573,0.3096606791390788,0.36902408045324231,0.41908530989136006,0.36569275473701079,0.34512685606682925,0.24117406137878428,0.30091434344627688,0.30023064071265282,0.20095477958428343,0.40947481459189505,0.20850950188474293,0.26290293090265138,0.31739187558732063,0.26256778654872137,0.40655214584192423,0.21578763896969178,0.22687354641174484,0.22109504895148713,0.21780924110705846,0.20403839442201321,0.19393932012691606,0.13589177626622184,0.19686594829317361,0.33522125415644877,0.3060516958087276,0.45979179229044775,0.26305216442213719,0.20143735789871298,0.29906821438296727,0.099034994517304464,0.16437547712642808,0.28755610736349391,0.29092658293974405,0.16441493674455065,0.12266485318534359,0.19009561573856693,0.19973841307215945,0.33938259220460976,0.045150910732790539,0.23813988933313257,0.27760636533337713,0.090143150927123883,0.20438902601036846,0.22537704512917234,0.28392234506325575,0.16366959319782803,0.20855353244921326,0.30476639761211133,0.22342232634641745,0.32935222285831056,0.14626958825256808,0.21718844596859466,0.17745231423791552,0.31213836545039952,0.080275487605235951,0.34964429718838019,0.25202839752728845,0.22633545460061133,0.4963748303026192,0.24385830617607906,0.19184898123915983,0.16424127081604256,0.16589401317929586,0.27392441214991958,0.32742271246262278,0.13112984572048081,0.23985720810828182,0.12271769076679262,0.38408482096582697,0.35383611488622169,0.16208380180412707,0.22074516386431509,0.23328974197448171,0.35557908534535687,0.28453167590843353,0.15319809097930881,0.098804468390389588,0.11939534215167669
Robert_Casey,0.14106527641629873,0.30497421032384664,0.038959521224628202,0.2298444565720662,0.36944165346940583,0.1945870280272568,0.22523187925091626,0.17804784430490894,0.29302722431747696,0.15253499997004449,0.10309263611981867,0.2312161345945194,0.15340992589075297,0.22248358780587296,0.24543239318952392,1.0,0.29521376633070118,0.23638500960164888,0.24031630836426521,0.15104025687228628,0.19233097650468178,0.36553353650673215,0.26884431250932472,0.21808266261653908,0.36191242411780311,0.39703322164390964,0.27476161358851503,0.27357884493040885,0.17576850268436028,0.26675113055531008,0.26812888072062657,0.29157612953887146,0.36393600350775068,0.42684652280349489,0.27166999831740546,0.13874167548079175,0.35765441951984767,0.33551264255475388,0.25320568082602757,0.38265575470551805,0.21618192804609371,0.34509650337906894,0.15426415298396279,0.27997945497441012,0.24468799611394365,0.26564208252691679,0.21147868209780452,0.23477825502623706,0.15100888602270846,0.28474968546626567,0.23467150325553465,0.1796665414109706,0.22440586901719417,0.14791235046600648,0.21711728998290447,0.36495503923477712,0.22417673086459922,0.11519534670504472,0.19423566900711153,0.22437014311311188,0.25684356153674848,0.12677197542158036,0.18628833598870598,0.11312291098162808,0.17431297139817226,0.2835437421944581,0.19402544634729435,0.12254203267994146,0.27085122540179252,0.31874597963503315,0.19054109117303153,0.24299685788125869,0.27894806955561413,0.28018968379242404,0.16996400379177157,0.23745429098196957,0.33408678229293431,0.22262362964618165,0.27859796419056171,0.28482820911744455,0.32064589178367831,0.19495144349830962,0.27979410406191918,0.26949415776531094,0.31539778154671216,0.33799153702253815,0.2516339546359494,0.16868559141039918,0.3500621900030787,0.33800639279299971,0.068793576221907959,0.30955157019170576,0.1179565199243382,0.19397997309354265,0.2335937500398092,0.13379222845287375,0.3360432175828616,0.26660447467139425,0.27362580221902588,0.094419888526073747,0.1420076718542338
John_Boozman,0.27822439482725247,0.15906726214687672,0.021255403927595395,0.26734051284777904,0.32723329118461497,0.20718654510658141,0.051260586860363166,0.22050418102135605,0.20420352979598166,0.29072415331313883,0.17046210084502278,0.15532859833281731,0.16721489089607733,0.24862840918943552,0.21631120266901049,0.29521376633070118,1.0,0.1820087154012916,0.24037839951727757,0.28990029319156463,0.097928031409220129,0.31213399739862613,0.22499095011637471,0.25619849595060917,0.3546528293413671,0.28787016797278775,0.28824782442357288,0.29958640867499164,0.13561540867859512,0.15176639971033778,0.24750764677859938,0.16146274857160781,0.31064145984933988,0.33961092944056959,0.18474975981968933,0.26003101100408266,0.27022573105537873,0.2374601577630272,0.28239912781409626,0.31250476053523801,0.11507471973140126,0.22636736986491812,0.24890425442427699,0.10538269107571119,0.17248957251851804,0.15939631729841552,0.22652167232811071,0.30089950355479456,0.20921301622955379,0.36383259691597569,0.30576888945659009,0.20157075899509236,0.084845350471350223,0.082766530029266372,0.34931523777529749,0.1777800730157123,0.1533207978762321,0.12834172644656894,0.12201744489709809,0.14387137275064077,0.27478512640885722,0.10784627592694096,0.22409359440872401,0.18658936563090678,0.11264053047581446,0.15064833510458708,0.17383086619904931,0.20350969111421791,0.1759642634192492,0.24289481597610407,0.27306572198011925,0.28966171306164568,0.23867976052399342,0.1458725816741191,0.16655731962344089,0.09145629463636995,0.20672560794997052,0.089184439502390189,0.24797931307686372,0.17695177555073038,0.20946448079718905,0.29387309388777172,0.28950357864242471,0.12112046231707874,0.27537085102242309,0.11321793084225829,0.1895047407041639,0.25443662076799989,0.15323078819054814,0.18827265116989933,0.03764481991041313,0.3085270285420374,0.31838679530261493,0.090829373297645177,0.089381653696593566,0.20344958545619451,0.22653502999410025,0.31577308313677932,0.15191411476520666,0.235543783274487,0.048001606320297707
Patty_Murray,0.21863421936814253,0.18230325041582351,0.10980894490925075,0.22702998048204792,0.25196611211996522,0.17589582309667695,0.21502465652158431,0.15373539405888514,0.13785759422814015,0.2448692590824243,0.16253889594142101,0.24504255092626581,0.23424460807210523,0.23196152294456018,0.17739508565187478,0.23638500960164888,0.1820087154012916,1.0,0.20469511865958467,0.21029586449157511,0.10669412622512153,0.24605021741020905,0.23855426366293031,0.19946677146016167,0.29885464811408247,0.15091069131125256,0.18435103760773175,0.16605160294158527,0.15018075954450838,0.23375585719415526,0.16767990894492568,0.13733032775262077,0.24673064245133924,0.22568084246544273,0.26068195055771137,0.15770964706287094,0.27260921978925845,0.20589403957289809,0.33145720788462607,0.16879539343649563,0.11279562648094221,0.20824730596371199,0.16090927172597003,0.10779700844727469,0.26403301485964215,0.2101177711943929,0.15524838972530575,0.085781948259021079,0.28794659395936351,0.16591174372060502,0.16121918343299901,0.085748944613021072,0.21362197464373456,0.25528895151585662,0.18357701505515811,0.34125762184188713,0.3001617809248871,0.095085807283150525,0.1106897349043775,0.13168578929258212,0.30634511781899776,0.14368247798833367,0.13848192866693054,0.097290360410821508,0.10185724889232806,0.22436371791906384,0.19353448825668573,0.20424144128109312,0.10632581142121378,0.23419693387476381,0.28581446911577579,0.19970614728044156,0.19454913140264118,0.14573352684941066,0.23436046680186262,0.087372603242914293,0.1705981761454165,0.15702460604549096,0.18308352862238975,0.20470665441979563,0.24808093600428294,0.13836214573756322,0.18418901626068263,0.19477265782659603,0.11178336081727847,0.20499294908472598,0.34064837052081787,0.18621070668240591,0.23681289872784284,0.23770604037603238,0.016415182993041011,0.29830138680469998,0.16181407933873482,0.18383741347967386,0.25910780309934212,0.14496028192295429,0.22420263324467049,0.13433305854485722,0.28388831596533737,0.2247921178489718,0.033164134715575555
Mary_Landrieu,0.15614528694352381,0.11494435202290432,0.079936832998981355,0.26643650237054994,0.2893752047527931,0.29162581307255087,0.081235591474122404,0.13354192489882866,0.17099382269784713,0.27392190125764837,0.12775598350390682,0.12354284811058625,0.13107506310368933,0.31740589628899052,0.18512880879917526,0.24031630836426521,0.24037839951727757,0.20469511865958467,1.0,0.13110188720520433,0.26648200509106745,0.22460590125559909,0.21103033077921873,0.17994792047561403,0.24151933223337174,0.19914227845241261,0.18062247247736463,0.16135316949206402,0.12574414771898201,0.22977029509244118,0.33856747068458293,0.21701999179035436,0.20036570005572796,0.30687678352456738,0.17742063949063658,0.22711565682473667,0.37478270111106904,0.26427328125754879,0.17886128606304497,0.31645863676434094,0.25118960497992326,0.23139682720861321,0.12952800612472792,0.22345067650161243,0.13026490076870834,0.16886711822714018,0.19322797854265739,0.16673381991961678,0.15648173914670893,0.17242516136234465,0.21071177252167561,0.15908119776343155,0.24440691648182122,0.15422763462461908,0.13780294408089044,0.252463294734109,0.22351773982890744,0.060363248296049998,0.064369473102848684,0.1407378327521347,0.21950755312689685,0.12020548417806454,0.14748803416723166,0.10374757575098958,0.20228293895146876,0.20557232850372342,0.22429710869662978,0.10863896727341937,0.1044167502725567,0.17582424767814819,0.16850678902243865,0.31109422750978255,0.22786277474425576,0.15865526348751136,0.1538479575456082,0.19185541828143138,0.15141692261406492,0.259793009398261,0.27876529712384357,0.26677983400476679,0.30667900854388264,0.16611758088561834,0.31828550845922932,0.23750343688850994,0.10529810595563505,0.23216178027141476,0.18401063304856613,0.12987650697123254,0.18723546935500401,0.26081643806551691,0.048801221153656038,0.21673219143241806,0.095924653276978966,0.21835049387249139,0.25950725210904935,0.19631461119659521,0.26019496934363695,0.10929407105247435,0.28014656640209568,0.061483215592584406,0.14567394261889044
